2.21767902374
0.235797166824
0.605180978775
0.0693781375885
0.072802066803
0.363875865936
0.2587890625
0.545693874359
0.370484113693
0.0926280021667
0.582387208939
0.138292074203
1.4600110054
0.702387094498
0.0914981365204
1.25988578796
1.12196707726
0.634672880173
0.698496103287
0.247299909592
0.684069871902
0.457077980042
0.362716913223
0.0826420783997
0.713515043259
0.612621068954
0.465651035309
1.18052101135
1.07112598419
0.268309116364
0.404107093811
0.41973900795
0.588126897812
0.587942123413
0.251852989197
0.278439044952
0.167664051056
1.10769200325
0.267920017242
0.212130069733
0.139634132385
0.250861883163
0.251976966858
0.13228392601
0.194458007812
0.260035991669
0.275765895844
0.149948120117
0.603829860687
0.39554309845
0.11635518074
0.21994304657
0.744432926178
0.476522922516
0.654401063919
0.484205961227
0.195779800415
0.268338918686
0.283795833588
0.239167928696
0.251544952393
0.379762172699
0.371906042099
0.341909885406
0.374756813049
0.298009872437
0.275915145874
0.131798028946
0.33987402916
0.420143842697
0.282357931137
0.230022907257
0.488523960114
0.215704917908
0.191738843918
0.187813997269
0.172051906586
0.661116838455
